PAR
Size, rss, vms, shared, text, lib, data, dirty, uss, pss, swap
7, 3499540.48, 6360186.88, 3168337.92, 20480, 0, 609402.88, 0, 461824, 540467.2, 0
8, 3623526.4, 6519685.12, 3185459.2, 20480, 0, 768901.12, 0, 634593.28, 706764.8, 0
9, 4235345.92, 7060357.12, 3198361.6, 20480, 0, 1309573.12, 0, 1168056.32, 1234769.92, 0
10, 5979504.64, 8842280.96, 3224985.6, 20480, 0, 3091496.96, 0, 2921021.44, 2997831.68, 0
11, 7238205.44, 10069196.8, 3230515.2, 20480, 0, 4318412.8, 0, 4124221.44, 4202342.4, 0
DNF
Size, rss, vms, shared, text, lib, data, dirty, uss, pss, swap
7, 3562659.84, 6390210.56, 3226624, 45056, 0, 610754.56, 0, 497418.24, 573163.52, 0
8, 3673374.72, 6548357.12, 3226624, 45056, 0, 768901.12, 0, 645447.68, 711393.28, 0
9, 4230963.2, 7063347.2, 3224985.6, 45056, 0, 1283891.2, 0, 1160806.4, 1230049.28, 0
10, 5939077.12, 8824586.24, 3237847.04, 45056, 0, 3045130.24, 0, 2932326.4, 3008256, 0
11, 7240048.64, 10093813.76, 3239649.28, 45056, 0, 4314357.76, 0, 4139704.32, 4212121.6, 0
Z3
Size, rss, vms, shared, text, lib, data, dirty, uss, pss, swap
7, 4167065.6, 23488102.4, 3739648, 13537280, 0, 547020.8, 0, 2228101.12, 2447861.76, 0
8, 3854376.96, 23470243.84, 3440680.96, 13537280, 0, 542351.36, 0, 2014781.44, 2247239.68, 0
9, 4089528.32, 23485399.04, 3665100.8, 13537280, 0, 545873.92, 0, 2112471.04, 2337761.28, 0
10, 3884032, 23467827.2, 3468738.56, 13537280, 0, 541573.12, 0, 1985003.52, 2210672.64, 0
11, 3898777.6, 23475650.56, 3482132.48, 13537280, 0, 543744, 0, 2018140.16, 2243983.36, 0
DNF
Size, User Time, System Time
7, 0.0000436800, 0.0001575700
8, 0.0000712800, 0.0001522700
9, 0.0000000000, 0.0002233200
10, 0.0000404700, 0.0001215600
11, 0.0000479500, 0.0001040700
PAR
Size, User Time, System Time
7, 0.0000638100, 0.0002030300
8, 0.0000680300, 0.0001700500
9, 0.0000798700, 0.0001807200
10, 0.0000516300, 0.0001108300
11, 0.0000530600, 0.0001020100
Z3
Size, User Time, System Time
7, 0.0001110400, 0.0001091200
8, 0.0000708400, 0.0001677500
9, 0.0000794900, 0.0001555900
10, 0.0000876500, 0.0001731600
11, 0.0000625500, 0.0001855900
